name: torch-cnn
channels:
  - pytorch
  - conda-forge
  - defaults
dependencies:
  - blas=1.0=mkl
  - brotlicffi=1.0.9.2=py312h5da7b33_1
  - bzip2=1.0.8=h2bbff1b_6
  - ca-certificates=2025.7.14=h4c7d964_0
  - certifi=2025.6.15=py312haa95532_0
  - cffi=1.17.1=py312h827c3e9_1
  - charset-normalizer=3.3.2=pyhd3eb1b0_0
  - colorama=0.4.6=pyhd8ed1ab_1
  - deprecated=1.2.13=py312haa95532_0
  - expat=2.7.1=h8ddb27b_0
  - filelock=3.17.0=py312haa95532_0
  - freetype=2.13.3=h0620614_0
  - fsspec=2025.5.1=py312hbc747e5_0
  - giflib=5.2.2=h7edc060_0
  - gmp=6.3.0=h537511b_0
  - gmpy2=2.2.1=py312h827c3e9_0
  - idna=3.7=py312haa95532_0
  - importlib-metadata=8.5.0=py312haa95532_0
  - intel-openmp=2023.1.0=h59b6b97_46320
  - jinja2=3.1.6=py312haa95532_0
  - jpeg=9e=h827c3e9_3
  - lcms2=2.16=hb4a4139_0
  - lerc=3.0=hd77b12b_0
  - libabseil=20250127.0=cxx17_h52369b4_0
  - libdeflate=1.17=h2bbff1b_1
  - libffi=3.4.4=hd77b12b_1
  - libjpeg-turbo=2.0.0=h196d8e1_0
  - libpng=1.6.39=h8cc25b3_0
  - libprotobuf=5.29.3=h65a231f_1
  - libtiff=4.5.1=hd77b12b_0
  - libtorch=2.5.1=cpu_mkl_h9002858_104
  - libuv=1.48.0=h827c3e9_0
  - libwebp=1.3.2=hbc33d0d_0
  - libwebp-base=1.3.2=h3d04722_1
  - lz4-c=1.9.4=h2bbff1b_1
  - markupsafe=3.0.2=py312h827c3e9_0
  - mkl=2023.1.0=h6b88ed4_46358
  - mkl-service=2.4.0=py312h827c3e9_2
  - mkl_fft=1.3.11=py312h827c3e9_0
  - mkl_random=1.2.8=py312h0158946_0
  - mpc=1.3.1=h827c3e9_0
  - mpfr=4.2.1=h56c3642_0
  - mpmath=1.3.0=py312haa95532_0
  - networkx=3.4.2=py312haa95532_0
  - numpy=2.0.1=py312hfd52020_1
  - numpy-base=2.0.1=py312h4dde369_1
  - openjpeg=2.5.2=hae555c5_0
  - openssl=3.5.1=h725018a_0
  - opentelemetry-api=1.30.0=py312haa95532_0
  - pillow=11.1.0=py312h096bfcc_0
  - pip=25.1=pyhc872135_2
  - pycparser=2.21=pyhd3eb1b0_0
  - pysocks=1.7.1=py312haa95532_0
  - python=3.12.4=h14ffc60_1
  - pytorch=2.5.1=cpu_mkl_py312h0452e45_104
  - pytorch-mutex=1.0=cpu
  - requests=2.32.4=py312haa95532_0
  - setuptools=78.1.1=py312haa95532_0
  - sleef=3.5.1=h8cc25b3_2
  - sqlite=3.45.3=h2bbff1b_0
  - sympy=1.13.3=py312haa95532_1
  - tbb=2021.8.0=h59b6b97_0
  - tk=8.6.14=h5e9d12e_1
  - torchvision=0.20.1=py312_cpu
  - tqdm=4.67.1=pyhd8ed1ab_1
  - typing_extensions=4.12.2=py312haa95532_0
  - tzdata=2025b=h04d1e81_0
  - ucrt=10.0.22621.0=haa95532_0
  - urllib3=2.5.0=py312haa95532_0
  - vc=14.3=h2df5915_10
  - vc14_runtime=14.44.35208=h4927774_10
  - vs2015_runtime=14.44.35208=ha6b5a95_10
  - wheel=0.45.1=py312haa95532_0
  - win_inet_pton=1.1.0=py312haa95532_0
  - wrapt=1.17.0=py312h827c3e9_0
  - xz=5.6.4=h4754444_1
  - zipp=3.21.0=py312haa95532_0
  - zlib=1.2.13=h8cc25b3_1
  - zstd=1.5.6=h8880b57_0
  - pip:
      - easydict==1.13
prefix: C:\Users\User\miniconda3\envs\torch-cnn
